 rot:           1
 1.0000000 0.0000000 0.0000000
 0.0000000 1.0000000 0.0000000
 0.0000000 0.0000000 1.0000000

 befor:           1
 4.1500001 0.0000000 0.0000000
 4.1500001 9.5980005 0.0000000
 3.9500000 9.5980005 0.0000000
 3.9500000 0.0000000 0.0000000

 after:           1
 4.1500001 0.0000000 0.0000000
 4.1500001 9.5980005 0.0000000
 3.9500000 9.5980005 0.0000000
 3.9500000 0.0000000 0.0000000

 rot:           2
 1.0000000 0.0000000 0.0000000
 0.0000000 1.0000000 0.0000000
 0.0000000 0.0000000 1.0000000

 befor:           2
 3.9500000 0.0000000 0.0000000
 3.9500000 9.5980005 0.0000000
 3.7500000 9.5980005 0.0000000
 3.7500000 0.0000000 0.0000000

 after:           2
 3.9500000 0.0000000 0.0000000
 3.9500000 9.5980005 0.0000000
 3.7500000 9.5980005 0.0000000
 3.7500000 0.0000000 0.0000000

 rot:           3
 1.0000000 0.0000000 0.0000000
 0.0000000 1.0000000 0.0000000
 0.0000000 0.0000000 1.0000000

 befor:           3
 4.1500001 9.6000004 0.0000000
 4.150000119.2000008 0.0000000
 3.950000019.2000008 0.0000000
 3.9500000 9.6000004 0.0000000

 after:           3
 4.1500001 9.6000004 0.0000000
 4.150000119.2000008 0.0000000
 3.950000019.2000008 0.0000000
 3.9500000 9.6000004 0.0000000

 rot:           4
 1.0000000 0.0000000 0.0000000
 0.0000000 1.0000000 0.0000000
 0.0000000 0.0000000 1.0000000

 befor:           4
 3.9500000 9.6000004 0.0000000
 3.950000019.2000008 0.0000000
 3.750000019.2000008 0.0000000
 3.7500000 9.6000004 0.0000000

 after:           4
 3.9500000 9.6000004 0.0000000
 3.950000019.2000008 0.0000000
 3.750000019.2000008 0.0000000
 3.7500000 9.6000004 0.0000000

 rot:           1
 0.9951847 0.0000000-0.0980171
 0.0000000 1.0000000 0.0000000
 0.0980171 0.0000000 0.9951847

 befor:           1
 4.1233817 0.0000000 0.4061177
 4.1233817 9.5980005 0.4061177
 3.9246645 9.5980005 0.3865457
 3.9246645 0.0000000 0.3865457

 after:           1
 4.1433330 0.0000000 0.0000000
 4.1433330 9.5980005 0.0000000
 3.9436543 9.5980005 0.0000000
 3.9436543 0.0000000 0.0000000

 rot:           2
 0.9951847 0.0000000-0.0980171
 0.0000000 1.0000000 0.0000000
 0.0980171 0.0000000 0.9951847

 befor:           2
 3.9246645 0.0000000 0.3865457
 3.9246645 9.5980005 0.3865457
 3.7259472 9.5980005 0.3669738
 3.7259472 0.0000000 0.3669738

 after:           2
 3.9436543 0.0000000 0.0000000
 3.9436543 9.5980005 0.0000000
 3.7439755 9.5980005 0.0000000
 3.7439755 0.0000000 0.0000000

 rot:           3
 0.9951847 0.0000000-0.0980171
 0.0000000 1.0000000 0.0000000
 0.0980171 0.0000000 0.9951847

 befor:           3
 4.1233817 9.6000004 0.4061177
 4.123381719.2000008 0.4061177
 3.924664519.2000008 0.3865457
 3.9246645 9.6000004 0.3865457

 after:           3
 4.1433330 9.6000004 0.0000000
 4.143333019.2000008 0.0000000
 3.943654319.2000008 0.0000000
 3.9436543 9.6000004 0.0000000

 rot:           4
 0.9951847 0.0000000-0.0980171
 0.0000000 1.0000000 0.0000000
 0.0980171 0.0000000 0.9951847

 befor:           4
 3.9246645 9.6000004 0.3865457
 3.924664519.2000008 0.3865457
 3.725947219.2000008 0.3669738
 3.7259472 9.6000004 0.3669738

 after:           4
 3.9436543 9.6000004 0.0000000
 3.943654319.2000008 0.0000000
 3.743975519.2000008 0.0000000
 3.7439755 9.6000004 0.0000000

 rot:           1
 0.9807853 0.0000000-0.1950903
 0.0000000 1.0000000 0.0000000
 0.1950903 0.0000000 0.9807853

 befor:           1
 4.0615442 0.0000000 0.8078914
 4.0615442 9.5980005 0.8078914
 3.8658072 9.5980005 0.7689569
 3.8658072 0.0000000 0.7689569

 after:           1
 4.1411145 0.0000000-0.0000000
 4.1411145 9.5980005-0.0000000
 3.9415428 9.5980005-0.0000000
 3.9415428 0.0000000-0.0000000

 rot:           2
 0.9807853 0.0000000-0.1950903
 0.0000000 1.0000000 0.0000000
 0.1950903 0.0000000 0.9807853

 befor:           2
 3.8658072 0.0000000 0.7689569
 3.8658072 9.5980005 0.7689569
 3.6700700 9.5980005 0.7300223
 3.6700700 0.0000000 0.7300223

 after:           2
 3.9415428 0.0000000 0.0000000
 3.9415428 9.5980005 0.0000000
 3.7419710 9.5980005-0.0000000
 3.7419710 0.0000000-0.0000000

 rot:           3
 0.9807853 0.0000000-0.1950903
 0.0000000 1.0000000 0.0000000
 0.1950903 0.0000000 0.9807853

 befor:           3
 4.0615442 9.6000004 0.8078914
 4.061544219.2000008 0.8078914
 3.865807219.2000008 0.7689569
 3.8658072 9.6000004 0.7689569

 after:           3
 4.1411145 9.6000004-0.0000000
 4.141114519.2000008-0.0000000
 3.941542819.2000008-0.0000000
 3.9415428 9.6000004-0.0000000

 rot:           4
 0.9807853 0.0000000-0.1950903
 0.0000000 1.0000000 0.0000000
 0.1950903 0.0000000 0.9807853

 befor:           4
 3.8658072 9.6000004 0.7689569
 3.865807219.2000008 0.7689569
 3.670070019.2000008 0.7300223
 3.6700700 9.6000004 0.7300223

 after:           4
 3.9415428 9.6000004 0.0000000
 3.941542819.2000008 0.0000000
 3.741971019.2000008-0.0000000
 3.7419710 9.6000004-0.0000000

 rot:           1
 0.9569403 0.0000000-0.2902847
 0.0000000 1.0000000 0.0000000
 0.2902847 0.0000000 0.9569403

 befor:           1
 3.9649224 0.0000000 1.2027460
 3.9649224 9.5980005 1.2027460
 3.7738418 9.5980005 1.1447823
 3.7738418 0.0000000 1.1447823

 after:           1
 4.1433329 0.0000000 0.0000000
 4.1433329 9.5980005 0.0000000
 3.9436542 9.5980005 0.0000000
 3.9436542 0.0000000 0.0000000

 rot:           2
 0.9569403 0.0000000-0.2902847
 0.0000000 1.0000000 0.0000000
 0.2902847 0.0000000 0.9569403

 befor:           2
 3.7738418 0.0000000 1.1447823
 3.7738418 9.5980005 1.1447823
 3.5827613 9.5980005 1.0868187
 3.5827613 0.0000000 1.0868187

 after:           2
 3.9436542 0.0000000 0.0000000
 3.9436542 9.5980005 0.0000000
 3.7439756 9.5980005 0.0000000
 3.7439756 0.0000000 0.0000000

 rot:           3
 0.9569403 0.0000000-0.2902847
 0.0000000 1.0000000 0.0000000
 0.2902847 0.0000000 0.9569403

 befor:           3
 3.9649224 9.6000004 1.2027460
 3.964922419.2000008 1.2027460
 3.773841819.2000008 1.1447823
 3.7738418 9.6000004 1.1447823

 after:           3
 4.1433329 9.6000004 0.0000000
 4.143332919.2000008 0.0000000
 3.943654219.2000008 0.0000000
 3.9436542 9.6000004 0.0000000

 rot:           4
 0.9569403 0.0000000-0.2902847
 0.0000000 1.0000000 0.0000000
 0.2902847 0.0000000 0.9569403

 befor:           4
 3.7738418 9.6000004 1.1447823
 3.773841819.2000008 1.1447823
 3.582761319.2000008 1.0868187
 3.5827613 9.6000004 1.0868187

 after:           4
 3.9436542 9.6000004 0.0000000
 3.943654219.2000008 0.0000000
 3.743975619.2000008 0.0000000
 3.7439756 9.6000004 0.0000000

 rot:           1
 0.9238795 0.0000000-0.3826835
 0.0000000 1.0000000 0.0000000
 0.3826835 0.0000000 0.9238795

 befor:           1
 3.8340999 0.0000000 1.5881363
 3.8340999 9.5980005 1.5881363
 3.6493241 9.5980005 1.5115997
 3.6493241 0.0000000 1.5115997

 after:           1
 4.1499999 0.0000000 0.0000000
 4.1499999 9.5980005 0.0000000
 3.9500000 9.5980005-0.0000000
 3.9500000 0.0000000-0.0000000

 rot:           2
 0.9238795 0.0000000-0.3826835
 0.0000000 1.0000000 0.0000000
 0.3826835 0.0000000 0.9238795

 befor:           2
 3.6493241 0.0000000 1.5115997
 3.6493241 9.5980005 1.5115997
 3.4645483 9.5980005 1.4350630
 3.4645483 0.0000000 1.4350630

 after:           2
 3.9500000 0.0000000-0.0000000
 3.9500000 9.5980005-0.0000000
 3.7500001 9.5980005 0.0000000
 3.7500001 0.0000000 0.0000000

 rot:           3
 0.9238795 0.0000000-0.3826835
 0.0000000 1.0000000 0.0000000
 0.3826835 0.0000000 0.9238795

 befor:           3
 3.8340999 9.6000004 1.5881363
 3.834099919.2000008 1.5881363
 3.649324119.2000008 1.5115997
 3.6493241 9.6000004 1.5115997

 after:           3
 4.1499999 9.6000004 0.0000000
 4.149999919.2000008 0.0000000
 3.950000019.2000008-0.0000000
 3.9500000 9.6000004-0.0000000

 rot:           4
 0.9238795 0.0000000-0.3826835
 0.0000000 1.0000000 0.0000000
 0.3826835 0.0000000 0.9238795

 befor:           4
 3.6493241 9.6000004 1.5115997
 3.649324119.2000008 1.5115997
 3.464548319.2000008 1.4350630
 3.4645483 9.6000004 1.4350630

 after:           4
 3.9500000 9.6000004-0.0000000
 3.950000019.2000008-0.0000000
 3.750000119.2000008 0.0000000
 3.7500001 9.6000004 0.0000000

 rot:           1
 0.8819213 0.0000000-0.4713967
 0.0000000 1.0000000 0.0000000
 0.4713967 0.0000000 0.8819213

 befor:           1
 3.6540934 0.0000000 1.9531535
 3.6540934 9.5980005 1.9531535
 3.4779927 9.5980005 1.8590257
 3.4779927 0.0000000 1.8590257

 after:           1
 4.1433329 0.0000000 0.0000000
 4.1433329 9.5980005 0.0000000
 3.9436543 9.5980005-0.0000000
 3.9436543 0.0000000-0.0000000

 rot:           2
 0.8819213 0.0000000-0.4713967
 0.0000000 1.0000000 0.0000000
 0.4713967 0.0000000 0.8819213

 befor:           2
 3.4779927 0.0000000 1.8590257
 3.4779927 9.5980005 1.8590257
 3.3018917 9.5980005 1.7648978
 3.3018917 0.0000000 1.7648978

 after:           2
 3.9436543 0.0000000 0.0000000
 3.9436543 9.5980005 0.0000000
 3.7439756 9.5980005 0.0000000
 3.7439756 0.0000000 0.0000000

 rot:           3
 0.8819213 0.0000000-0.4713967
 0.0000000 1.0000000 0.0000000
 0.4713967 0.0000000 0.8819213

 befor:           3
 3.6540934 9.6000004 1.9531535
 3.654093419.2000008 1.9531535
 3.477992719.2000008 1.8590257
 3.4779927 9.6000004 1.8590257

 after:           3
 4.1433329 9.6000004 0.0000000
 4.143332919.2000008 0.0000000
 3.943654319.2000008-0.0000000
 3.9436543 9.6000004-0.0000000

 rot:           4
 0.8819213 0.0000000-0.4713967
 0.0000000 1.0000000 0.0000000
 0.4713967 0.0000000 0.8819213

 befor:           4
 3.4779927 9.6000004 1.8590257
 3.477992719.2000008 1.8590257
 3.301891719.2000008 1.7648978
 3.3018917 9.6000004 1.7648978

 after:           4
 3.9436543 9.6000004 0.0000000
 3.943654319.2000008 0.0000000
 3.743975619.2000008 0.0000000
 3.7439756 9.6000004 0.0000000

 rot:           1
 0.8314696 0.0000000-0.5555702
 0.0000000 1.0000000 0.0000000
 0.5555702 0.0000000 0.8314696

 befor:           1
 3.4432108 0.0000000 2.3006800
 3.4432108 9.5980005 2.3006800
 3.2772730 9.5980005 2.1898039
 3.2772730 0.0000000 2.1898039

 after:           1
 4.1411145 0.0000000 0.0000000
 4.1411145 9.5980005 0.0000000
 3.9415428 9.5980005 0.0000000
 3.9415428 0.0000000 0.0000000

 rot:           2
 0.8314696 0.0000000-0.5555702
 0.0000000 1.0000000 0.0000000
 0.5555702 0.0000000 0.8314696

 befor:           2
 3.2772730 0.0000000 2.1898039
 3.2772730 9.5980005 2.1898039
 3.1113351 9.5980005 2.0789277
 3.1113351 0.0000000 2.0789277

 after:           2
 3.9415428 0.0000000 0.0000000
 3.9415428 9.5980005 0.0000000
 3.7419709 9.5980005-0.0000000
 3.7419709 0.0000000-0.0000000

 rot:           3
 0.8314696 0.0000000-0.5555702
 0.0000000 1.0000000 0.0000000
 0.5555702 0.0000000 0.8314696

 befor:           3
 3.4432108 9.6000004 2.3006800
 3.443210819.2000008 2.3006800
 3.277273019.2000008 2.1898039
 3.2772730 9.6000004 2.1898039

 after:           3
 4.1411145 9.6000004 0.0000000
 4.141114519.2000008 0.0000000
 3.941542819.2000008 0.0000000
 3.9415428 9.6000004 0.0000000

 rot:           4
 0.8314696 0.0000000-0.5555702
 0.0000000 1.0000000 0.0000000
 0.5555702 0.0000000 0.8314696

 befor:           4
 3.2772730 9.6000004 2.1898039
 3.277273019.2000008 2.1898039
 3.111335119.2000008 2.0789277
 3.1113351 9.6000004 2.0789277

 after:           4
 3.9415428 9.6000004 0.0000000
 3.941542819.2000008 0.0000000
 3.741970919.2000008-0.0000000
 3.7419709 9.6000004-0.0000000

 rot:           1
 0.7730105 0.0000000-0.6343933
 0.0000000 1.0000000 0.0000000
 0.6343933 0.0000000 0.7730105

 befor:           1
 3.2028398 0.0000000 2.6285025
 3.2028398 9.5980005 2.6285025
 3.0484860 9.5980005 2.5018276
 3.0484860 0.0000000 2.5018276

 after:           1
 4.1433329 0.0000000 0.0000000
 4.1433329 9.5980005 0.0000000
 3.9436541 9.5980005-0.0000000
 3.9436541 0.0000000-0.0000000

 rot:           2
 0.7730105 0.0000000-0.6343933
 0.0000000 1.0000000 0.0000000
 0.6343933 0.0000000 0.7730105

 befor:           2
 3.0484860 0.0000000 2.5018276
 3.0484860 9.5980005 2.5018276
 2.8941323 9.5980005 2.3751528
 2.8941323 0.0000000 2.3751528

 after:           2
 3.9436541 0.0000000-0.0000000
 3.9436541 9.5980005-0.0000000
 3.7439755 9.5980005 0.0000000
 3.7439755 0.0000000 0.0000000

 rot:           3
 0.7730105 0.0000000-0.6343933
 0.0000000 1.0000000 0.0000000
 0.6343933 0.0000000 0.7730105

 befor:           3
 3.2028398 9.6000004 2.6285025
 3.202839819.2000008 2.6285025
 3.048486019.2000008 2.5018276
 3.0484860 9.6000004 2.5018276

 after:           3
 4.1433329 9.6000004 0.0000000
 4.143332919.2000008 0.0000000
 3.943654119.2000008-0.0000000
 3.9436541 9.6000004-0.0000000

 rot:           4
 0.7730105 0.0000000-0.6343933
 0.0000000 1.0000000 0.0000000
 0.6343933 0.0000000 0.7730105

 befor:           4
 3.0484860 9.6000004 2.5018276
 3.048486019.2000008 2.5018276
 2.894132319.2000008 2.3751528
 2.8941323 9.6000004 2.3751528

 after:           4
 3.9436541 9.6000004-0.0000000
 3.943654119.2000008-0.0000000
 3.743975519.2000008 0.0000000
 3.7439755 9.6000004 0.0000000

 rot:           1
 0.7071068 0.0000000-0.7071068
 0.0000000 1.0000000 0.0000000
 0.7071068 0.0000000 0.7071068

 befor:           1
 2.9344931 0.0000000 2.9344931
 2.9344931 9.5980005 2.9344931
 2.7930718 9.5980005 2.7930718
 2.7930718 0.0000000 2.7930718

 after:           1
 4.1499999 0.0000000 0.0000000
 4.1499999 9.5980005 0.0000000
 3.9499999 9.5980005 0.0000000
 3.9499999 0.0000000 0.0000000

 rot:           2
 0.7071068 0.0000000-0.7071068
 0.0000000 1.0000000 0.0000000
 0.7071068 0.0000000 0.7071068

 befor:           2
 2.6516504 0.0000000 2.6516504
 2.7930718 0.0000000 2.7930718
 2.7930718 9.5980005 2.7930718
 2.6516504 9.5980005 2.6516504

 after:           2
 3.7500000 0.0000000 0.0000000
 3.9499999 0.0000000 0.0000000
 3.9499999 9.5980005 0.0000000
 3.7500000 9.5980005 0.0000000

 rot:           3
 0.7071068 0.0000000-0.7071068
 0.0000000 1.0000000 0.0000000
 0.7071068 0.0000000 0.7071068

 befor:           3
 2.9344931 9.6000004 2.9344931
 2.934493119.2000008 2.9344931
 2.793071819.2000008 2.7930718
 2.7930718 9.6000004 2.7930718

 after:           3
 4.1499999 9.6000004 0.0000000
 4.149999919.2000008 0.0000000
 3.949999919.2000008 0.0000000
 3.9499999 9.6000004 0.0000000

 rot:           4
 0.7071068 0.0000000-0.7071068
 0.0000000 1.0000000 0.0000000
 0.7071068 0.0000000 0.7071068

 befor:           4
 2.6516504 9.6000004 2.6516504
 2.7930718 9.6000004 2.7930718
 2.793071819.2000008 2.7930718
 2.651650419.2000008 2.6516504

 after:           4
 3.7500000 9.6000004 0.0000000
 3.9499999 9.6000004 0.0000000
 3.949999919.2000008 0.0000000
 3.750000019.2000008 0.0000000

 rot:           1
 0.6343933 0.0000000-0.7730104
 0.0000000 1.0000000 0.0000000
 0.7730104 0.0000000 0.6343933

 befor:           1
 2.6285026 0.0000000 3.2028396
 2.6285026 9.5980005 3.2028396
 2.5018277 9.5980005 3.0484859
 2.5018277 0.0000000 3.0484859

 after:           1
 4.1433329 0.0000000 0.0000000
 4.1433329 9.5980005 0.0000000
 3.9436541 9.5980005-0.0000000
 3.9436541 0.0000000-0.0000000

 rot:           2
 0.6343933 0.0000000-0.7730104
 0.0000000 1.0000000 0.0000000
 0.7730104 0.0000000 0.6343933

 befor:           2
 2.5018277 0.0000000 3.0484859
 2.5018277 9.5980005 3.0484859
 2.3751529 9.5980005 2.8941322
 2.3751529 0.0000000 2.8941322

 after:           2
 3.9436541 0.0000000-0.0000000
 3.9436541 9.5980005-0.0000000
 3.7439755 9.5980005 0.0000000
 3.7439755 0.0000000 0.0000000

 rot:           3
 0.6343933 0.0000000-0.7730104
 0.0000000 1.0000000 0.0000000
 0.7730104 0.0000000 0.6343933

 befor:           3
 2.6285026 9.6000004 3.2028396
 2.628502619.2000008 3.2028396
 2.501827719.2000008 3.0484859
 2.5018277 9.6000004 3.0484859

 after:           3
 4.1433329 9.6000004 0.0000000
 4.143332919.2000008 0.0000000
 3.943654119.2000008-0.0000000
 3.9436541 9.6000004-0.0000000

 rot:           4
 0.6343933 0.0000000-0.7730104
 0.0000000 1.0000000 0.0000000
 0.7730104 0.0000000 0.6343933

 befor:           4
 2.5018277 9.6000004 3.0484859
 2.501827719.2000008 3.0484859
 2.375152919.2000008 2.8941322
 2.3751529 9.6000004 2.8941322

 after:           4
 3.9436541 9.6000004-0.0000000
 3.943654119.2000008-0.0000000
 3.743975519.2000008 0.0000000
 3.7439755 9.6000004 0.0000000

 rot:           1
 0.5555702 0.0000000-0.8314696
 0.0000000 1.0000000 0.0000000
 0.8314696 0.0000000 0.5555702

 befor:           1
 2.3006800 0.0000000 3.4432108
 2.3006800 9.5980005 3.4432108
 2.1898039 9.5980005 3.2772730
 2.1898039 0.0000000 3.2772730

 after:           1
 4.1411145 0.0000000 0.0000000
 4.1411145 9.5980005 0.0000000
 3.9415428 9.5980005 0.0000000
 3.9415428 0.0000000 0.0000000

 rot:           2
 0.5555702 0.0000000-0.8314696
 0.0000000 1.0000000 0.0000000
 0.8314696 0.0000000 0.5555702

 befor:           2
 2.1898039 0.0000000 3.2772730
 2.1898039 9.5980005 3.2772730
 2.0789277 9.5980005 3.1113351
 2.0789277 0.0000000 3.1113351

 after:           2
 3.9415428 0.0000000 0.0000000
 3.9415428 9.5980005 0.0000000
 3.7419709 9.5980005 0.0000000
 3.7419709 0.0000000 0.0000000

 rot:           3
 0.5555702 0.0000000-0.8314696
 0.0000000 1.0000000 0.0000000
 0.8314696 0.0000000 0.5555702

 befor:           3
 2.3006800 9.6000004 3.4432108
 2.300680019.2000008 3.4432108
 2.189803919.2000008 3.2772730
 2.1898039 9.6000004 3.2772730

 after:           3
 4.1411145 9.6000004 0.0000000
 4.141114519.2000008 0.0000000
 3.941542819.2000008 0.0000000
 3.9415428 9.6000004 0.0000000

 rot:           4
 0.5555702 0.0000000-0.8314696
 0.0000000 1.0000000 0.0000000
 0.8314696 0.0000000 0.5555702

 befor:           4
 2.1898039 9.6000004 3.2772730
 2.189803919.2000008 3.2772730
 2.078927719.2000008 3.1113351
 2.0789277 9.6000004 3.1113351

 after:           4
 3.9415428 9.6000004 0.0000000
 3.941542819.2000008 0.0000000
 3.741970919.2000008 0.0000000
 3.7419709 9.6000004 0.0000000

 rot:           1
 0.4713968 0.0000000-0.8819212
 0.0000000 1.0000000 0.0000000
 0.8819212 0.0000000 0.4713968

 befor:           1
 1.9531538 0.0000000 3.6540933
 1.9531538 9.5980005 3.6540933
 1.8590259 9.5980005 3.4779925
 1.8590259 0.0000000 3.4779925

 after:           1
 4.1433329 0.0000000-0.0000000
 4.1433329 9.5980005-0.0000000
 3.9436543 9.5980005-0.0000000
 3.9436543 0.0000000-0.0000000

 rot:           2
 0.4713968 0.0000000-0.8819212
 0.0000000 1.0000000 0.0000000
 0.8819212 0.0000000 0.4713968

 befor:           2
 1.8590259 0.0000000 3.4779925
 1.8590259 9.5980005 3.4779925
 1.7648980 9.5980005 3.3018916
 1.7648980 0.0000000 3.3018916

 after:           2
 3.9436543 0.0000000-0.0000000
 3.9436543 9.5980005-0.0000000
 3.7439756 9.5980005-0.0000000
 3.7439756 0.0000000-0.0000000

 rot:           3
 0.4713968 0.0000000-0.8819212
 0.0000000 1.0000000 0.0000000
 0.8819212 0.0000000 0.4713968

 befor:           3
 1.9531538 9.6000004 3.6540933
 1.953153819.2000008 3.6540933
 1.859025919.2000008 3.4779925
 1.8590259 9.6000004 3.4779925

 after:           3
 4.1433329 9.6000004-0.0000000
 4.143332919.2000008-0.0000000
 3.943654319.2000008-0.0000000
 3.9436543 9.6000004-0.0000000

 rot:           4
 0.4713968 0.0000000-0.8819212
 0.0000000 1.0000000 0.0000000
 0.8819212 0.0000000 0.4713968

 befor:           4
 1.8590259 9.6000004 3.4779925
 1.859025919.2000008 3.4779925
 1.764898019.2000008 3.3018916
 1.7648980 9.6000004 3.3018916

 after:           4
 3.9436543 9.6000004-0.0000000
 3.943654319.2000008-0.0000000
 3.743975619.2000008-0.0000000
 3.7439756 9.6000004-0.0000000

 rot:           1
 0.3826834 0.0000000-0.9238795
 0.0000000 1.0000000 0.0000000
 0.9238795 0.0000000 0.3826834

 befor:           1
 1.5881362 0.0000000 3.8341000
 1.5881362 9.5980005 3.8341000
 1.5115996 9.5980005 3.6493242
 1.5115996 0.0000000 3.6493242

 after:           1
 4.1499999 0.0000000 0.0000000
 4.1499999 9.5980005 0.0000000
 3.9500000 9.5980005 0.0000000
 3.9500000 0.0000000 0.0000000

 rot:           2
 0.3826834 0.0000000-0.9238795
 0.0000000 1.0000000 0.0000000
 0.9238795 0.0000000 0.3826834

 befor:           2
 1.5115996 0.0000000 3.6493242
 1.5115996 9.5980005 3.6493242
 1.4350629 9.5980005 3.4645483
 1.4350629 0.0000000 3.4645483

 after:           2
 3.9500000 0.0000000 0.0000000
 3.9500000 9.5980005 0.0000000
 3.7500001 9.5980005 0.0000000
 3.7500001 0.0000000 0.0000000

 rot:           3
 0.3826834 0.0000000-0.9238795
 0.0000000 1.0000000 0.0000000
 0.9238795 0.0000000 0.3826834

 befor:           3
 1.5881362 9.6000004 3.8341000
 1.588136219.2000008 3.8341000
 1.511599619.2000008 3.6493242
 1.5115996 9.6000004 3.6493242

 after:           3
 4.1499999 9.6000004 0.0000000
 4.149999919.2000008 0.0000000
 3.950000019.2000008 0.0000000
 3.9500000 9.6000004 0.0000000

 rot:           4
 0.3826834 0.0000000-0.9238795
 0.0000000 1.0000000 0.0000000
 0.9238795 0.0000000 0.3826834

 befor:           4
 1.5115996 9.6000004 3.6493242
 1.511599619.2000008 3.6493242
 1.435062919.2000008 3.4645483
 1.4350629 9.6000004 3.4645483

 after:           4
 3.9500000 9.6000004 0.0000000
 3.950000019.2000008 0.0000000
 3.750000119.2000008 0.0000000
 3.7500001 9.6000004 0.0000000

 rot:           1
 0.2902846 0.0000000-0.9569403
 0.0000000 1.0000000 0.0000000
 0.9569403 0.0000000 0.2902846

 befor:           1
 1.2027459 0.0000000 3.9649224
 1.2027459 9.5980005 3.9649224
 1.1447822 9.5980005 3.7738419
 1.1447822 0.0000000 3.7738419

 after:           1
 4.1433329 0.0000000 0.0000000
 4.1433329 9.5980005 0.0000000
 3.9436542 9.5980005 0.0000000
 3.9436542 0.0000000 0.0000000

 rot:           2
 0.2902846 0.0000000-0.9569403
 0.0000000 1.0000000 0.0000000
 0.9569403 0.0000000 0.2902846

 befor:           2
 1.1447822 0.0000000 3.7738419
 1.1447822 9.5980005 3.7738419
 1.0868186 9.5980005 3.5827613
 1.0868186 0.0000000 3.5827613

 after:           2
 3.9436542 0.0000000 0.0000000
 3.9436542 9.5980005 0.0000000
 3.7439756 9.5980005 0.0000000
 3.7439756 0.0000000 0.0000000

 rot:           3
 0.2902846 0.0000000-0.9569403
 0.0000000 1.0000000 0.0000000
 0.9569403 0.0000000 0.2902846

 befor:           3
 1.2027459 9.6000004 3.9649224
 1.202745919.2000008 3.9649224
 1.144782219.2000008 3.7738419
 1.1447822 9.6000004 3.7738419

 after:           3
 4.1433329 9.6000004 0.0000000
 4.143332919.2000008 0.0000000
 3.943654219.2000008 0.0000000
 3.9436542 9.6000004 0.0000000

 rot:           4
 0.2902846 0.0000000-0.9569403
 0.0000000 1.0000000 0.0000000
 0.9569403 0.0000000 0.2902846

 befor:           4
 1.1447822 9.6000004 3.7738419
 1.144782219.2000008 3.7738419
 1.086818619.2000008 3.5827613
 1.0868186 9.6000004 3.5827613

 after:           4
 3.9436542 9.6000004 0.0000000
 3.943654219.2000008 0.0000000
 3.743975619.2000008 0.0000000
 3.7439756 9.6000004 0.0000000

 rot:           1
 0.1950904 0.0000000-0.9807853
 0.0000000 1.0000000 0.0000000
 0.9807853 0.0000000 0.1950904

 befor:           1
 0.8078915 0.0000000 4.0615441
 0.8078915 9.5980005 4.0615441
 0.7689570 9.5980005 3.8658071
 0.7689570 0.0000000 3.8658071

 after:           1
 4.1411145 0.0000000-0.0000000
 4.1411145 9.5980005-0.0000000
 3.9415428 9.5980005-0.0000000
 3.9415428 0.0000000-0.0000000

 rot:           2
 0.1950904 0.0000000-0.9807853
 0.0000000 1.0000000 0.0000000
 0.9807853 0.0000000 0.1950904

 befor:           2
 0.7689570 0.0000000 3.8658071
 0.7689570 9.5980005 3.8658071
 0.7300225 9.5980005 3.6700700
 0.7300225 0.0000000 3.6700700

 after:           2
 3.9415428 0.0000000-0.0000000
 3.9415428 9.5980005-0.0000000
 3.7419710 9.5980005-0.0000000
 3.7419710 0.0000000-0.0000000

 rot:           3
 0.1950904 0.0000000-0.9807853
 0.0000000 1.0000000 0.0000000
 0.9807853 0.0000000 0.1950904

 befor:           3
 0.8078915 9.6000004 4.0615441
 0.807891519.2000008 4.0615441
 0.768957019.2000008 3.8658071
 0.7689570 9.6000004 3.8658071

 after:           3
 4.1411145 9.6000004-0.0000000
 4.141114519.2000008-0.0000000
 3.941542819.2000008-0.0000000
 3.9415428 9.6000004-0.0000000

 rot:           4
 0.1950904 0.0000000-0.9807853
 0.0000000 1.0000000 0.0000000
 0.9807853 0.0000000 0.1950904

 befor:           4
 0.7689570 9.6000004 3.8658071
 0.768957019.2000008 3.8658071
 0.730022519.2000008 3.6700700
 0.7300225 9.6000004 3.6700700

 after:           4
 3.9415428 9.6000004-0.0000000
 3.941542819.2000008-0.0000000
 3.741971019.2000008-0.0000000
 3.7419710 9.6000004-0.0000000

 rot:           1
 0.0980171 0.0000000-0.9951847
 0.0000000 1.0000000 0.0000000
 0.9951847 0.0000000 0.0980171

 befor:           1
 0.4061176 0.0000000 4.1233817
 0.4061176 9.5980005 4.1233817
 0.3865457 9.5980005 3.9246645
 0.3865457 0.0000000 3.9246645

 after:           1
 4.1433330 0.0000000 0.0000000
 4.1433330 9.5980005 0.0000000
 3.9436543 9.5980005 0.0000000
 3.9436543 0.0000000 0.0000000

 rot:           2
 0.0980171 0.0000000-0.9951847
 0.0000000 1.0000000 0.0000000
 0.9951847 0.0000000 0.0980171

 befor:           2
 0.3865457 0.0000000 3.9246645
 0.3865457 9.5980005 3.9246645
 0.3669737 9.5980005 3.7259472
 0.3669737 0.0000000 3.7259472

 after:           2
 3.9436543 0.0000000 0.0000000
 3.9436543 9.5980005 0.0000000
 3.7439755 9.5980005 0.0000000
 3.7439755 0.0000000 0.0000000

 rot:           3
 0.0980171 0.0000000-0.9951847
 0.0000000 1.0000000 0.0000000
 0.9951847 0.0000000 0.0980171

 befor:           3
 0.4061176 9.6000004 4.1233817
 0.406117619.2000008 4.1233817
 0.386545719.2000008 3.9246645
 0.3865457 9.6000004 3.9246645

 after:           3
 4.1433330 9.6000004 0.0000000
 4.143333019.2000008 0.0000000
 3.943654319.2000008 0.0000000
 3.9436543 9.6000004 0.0000000

 rot:           4
 0.0980171 0.0000000-0.9951847
 0.0000000 1.0000000 0.0000000
 0.9951847 0.0000000 0.0980171

 befor:           4
 0.3865457 9.6000004 3.9246645
 0.386545719.2000008 3.9246645
 0.366973719.2000008 3.7259472
 0.3669737 9.6000004 3.7259472

 after:           4
 3.9436543 9.6000004 0.0000000
 3.943654319.2000008 0.0000000
 3.743975519.2000008 0.0000000
 3.7439755 9.6000004 0.0000000

 rot:           1
-0.0000000 0.0000000-1.0000000
 0.0000000 1.0000000 0.0000000
 1.0000000 0.0000000-0.0000000

 befor:           1
-0.0000002 0.0000000 4.1500001
-0.0000002 9.5980005 4.1500001
-0.0000002 9.5980005 3.9500000
-0.0000002 0.0000000 3.9500000

 after:           1
 4.1500001 0.0000000 0.0000000
 4.1500001 9.5980005 0.0000000
 3.9500000 9.5980005 0.0000000
 3.9500000 0.0000000 0.0000000

 rot:           2
-0.0000000 0.0000000-1.0000000
 0.0000000 1.0000000 0.0000000
 1.0000000 0.0000000-0.0000000

 befor:           2
-0.0000002 0.0000000 3.9500000
-0.0000002 9.5980005 3.9500000
-0.0000002 9.5980005 3.7500000
-0.0000002 0.0000000 3.7500000

 after:           2
 3.9500000 0.0000000 0.0000000
 3.9500000 9.5980005 0.0000000
 3.7500000 9.5980005 0.0000000
 3.7500000 0.0000000 0.0000000

 rot:           3
-0.0000000 0.0000000-1.0000000
 0.0000000 1.0000000 0.0000000
 1.0000000 0.0000000-0.0000000

 befor:           3
-0.0000002 9.6000004 4.1500001
-0.000000219.2000008 4.1500001
-0.000000219.2000008 3.9500000
-0.0000002 9.6000004 3.9500000

 after:           3
 4.1500001 9.6000004 0.0000000
 4.150000119.2000008 0.0000000
 3.950000019.2000008 0.0000000
 3.9500000 9.6000004 0.0000000

 rot:           4
-0.0000000 0.0000000-1.0000000
 0.0000000 1.0000000 0.0000000
 1.0000000 0.0000000-0.0000000

 befor:           4
-0.0000002 9.6000004 3.9500000
-0.000000219.2000008 3.9500000
-0.000000219.2000008 3.7500000
-0.0000002 9.6000004 3.7500000

 after:           4
 3.9500000 9.6000004 0.0000000
 3.950000019.2000008 0.0000000
 3.750000019.2000008 0.0000000
 3.7500000 9.6000004 0.0000000

 rot:           1
-0.0980171 0.0000000-0.9951847
 0.0000000 1.0000000 0.0000000
 0.9951847 0.0000000-0.0980171

 befor:           1
-0.4061175 0.0000000 4.1233817
-0.4061175 9.5980005 4.1233817
-0.3865456 9.5980005 3.9246646
-0.3865456 0.0000000 3.9246646

 after:           1
 4.1433330 0.0000000-0.0000000
 4.1433330 9.5980005-0.0000000
 3.9436543 9.5980005-0.0000000
 3.9436543 0.0000000-0.0000000

 rot:           2
-0.0980171 0.0000000-0.9951847
 0.0000000 1.0000000 0.0000000
 0.9951847 0.0000000-0.0980171

 befor:           2
-0.3865456 0.0000000 3.9246646
-0.3865456 9.5980005 3.9246646
-0.3669736 9.5980005 3.7259472
-0.3669736 0.0000000 3.7259472

 after:           2
 3.9436543 0.0000000-0.0000000
 3.9436543 9.5980005-0.0000000
 3.7439755 9.5980005-0.0000000
 3.7439755 0.0000000-0.0000000

 rot:           3
-0.0980171 0.0000000-0.9951847
 0.0000000 1.0000000 0.0000000
 0.9951847 0.0000000-0.0980171

 befor:           3
-0.4061175 9.6000004 4.1233817
-0.406117519.2000008 4.1233817
-0.386545619.2000008 3.9246646
-0.3865456 9.6000004 3.9246646

 after:           3
 4.1433330 9.6000004-0.0000000
 4.143333019.2000008-0.0000000
 3.943654319.2000008-0.0000000
 3.9436543 9.6000004-0.0000000

 rot:           4
-0.0980171 0.0000000-0.9951847
 0.0000000 1.0000000 0.0000000
 0.9951847 0.0000000-0.0980171

 befor:           4
-0.3865456 9.6000004 3.9246646
-0.386545619.2000008 3.9246646
-0.366973619.2000008 3.7259472
-0.3669736 9.6000004 3.7259472

 after:           4
 3.9436543 9.6000004-0.0000000
 3.943654319.2000008-0.0000000
 3.743975519.2000008-0.0000000
 3.7439755 9.6000004-0.0000000

 rot:           1
-0.1950903 0.0000000-0.9807853
 0.0000000 1.0000000 0.0000000
 0.9807853 0.0000000-0.1950903

 befor:           1
-0.8078914 0.0000000 4.0615442
-0.8078914 9.5980005 4.0615442
-0.7689569 9.5980005 3.8658072
-0.7689569 0.0000000 3.8658072

 after:           1
 4.1411145 0.0000000-0.0000000
 4.1411145 9.5980005-0.0000000
 3.9415428 9.5980005 0.0000000
 3.9415428 0.0000000 0.0000000

 rot:           2
-0.1950903 0.0000000-0.9807853
 0.0000000 1.0000000 0.0000000
 0.9807853 0.0000000-0.1950903

 befor:           2
-0.7689569 0.0000000 3.8658072
-0.7689569 9.5980005 3.8658072
-0.7300223 9.5980005 3.6700700
-0.7300223 0.0000000 3.6700700

 after:           2
 3.9415428 0.0000000 0.0000000
 3.9415428 9.5980005 0.0000000
 3.7419710 9.5980005-0.0000000
 3.7419710 0.0000000-0.0000000

 rot:           3
-0.1950903 0.0000000-0.9807853
 0.0000000 1.0000000 0.0000000
 0.9807853 0.0000000-0.1950903

 befor:           3
-0.8078914 9.6000004 4.0615442
-0.807891419.2000008 4.0615442
-0.768956919.2000008 3.8658072
-0.7689569 9.6000004 3.8658072

 after:           3
 4.1411145 9.6000004-0.0000000
 4.141114519.2000008-0.0000000
 3.941542819.2000008 0.0000000
 3.9415428 9.6000004 0.0000000

 rot:           4
-0.1950903 0.0000000-0.9807853
 0.0000000 1.0000000 0.0000000
 0.9807853 0.0000000-0.1950903

 befor:           4
-0.7689569 9.6000004 3.8658072
-0.768956919.2000008 3.8658072
-0.730022319.2000008 3.6700700
-0.7300223 9.6000004 3.6700700

 after:           4
 3.9415428 9.6000004 0.0000000
 3.941542819.2000008 0.0000000
 3.741971019.2000008-0.0000000
 3.7419710 9.6000004-0.0000000

 rot:           1
-0.2902847 0.0000000-0.9569403
 0.0000000 1.0000000 0.0000000
 0.9569403 0.0000000-0.2902847

 befor:           1
-1.1447826 0.0000000 3.7738417
-1.1447826 9.5980005 3.7738417
-1.0868190 9.5980005 3.5827612
-1.0868190 0.0000000 3.5827612

 after:           1
 3.9436542 0.0000000 0.0000000
 3.9436542 9.5980005 0.0000000
 3.7439756 9.5980005 0.0000000
 3.7439756 0.0000000 0.0000000

 rot:           2
-0.2902847 0.0000000-0.9569403
 0.0000000 1.0000000 0.0000000
 0.9569403 0.0000000-0.2902847

 befor:           2
-1.2027463 0.0000000 3.9649223
-1.2027463 9.5980005 3.9649223
-1.1447826 9.5980005 3.7738417
-1.1447826 0.0000000 3.7738417

 after:           2
 4.1433329 0.0000000-0.0000000
 4.1433329 9.5980005-0.0000000
 3.9436542 9.5980005 0.0000000
 3.9436542 0.0000000 0.0000000

 rot:           3
-0.2902847 0.0000000-0.9569403
 0.0000000 1.0000000 0.0000000
 0.9569403 0.0000000-0.2902847

 befor:           3
-1.1447826 9.6000004 3.7738417
-1.144782619.2000008 3.7738417
-1.086819019.2000008 3.5827612
-1.0868190 9.6000004 3.5827612

 after:           3
 3.9436542 9.6000004 0.0000000
 3.943654219.2000008 0.0000000
 3.743975619.2000008 0.0000000
 3.7439756 9.6000004 0.0000000

 rot:           4
-0.2902847 0.0000000-0.9569403
 0.0000000 1.0000000 0.0000000
 0.9569403 0.0000000-0.2902847

 befor:           4
-1.2027463 9.6000004 3.9649223
-1.202746319.2000008 3.9649223
-1.144782619.2000008 3.7738417
-1.1447826 9.6000004 3.7738417

 after:           4
 4.1433329 9.6000004-0.0000000
 4.143332919.2000008-0.0000000
 3.943654219.2000008 0.0000000
 3.9436542 9.6000004 0.0000000

 rot:           1
-0.3826834 0.0000000-0.9238795
 0.0000000 1.0000000 0.0000000
 0.9238795 0.0000000-0.3826834

 befor:           1
-1.5115994 0.0000000 3.6493242
-1.5115994 9.5980005 3.6493242
-1.4350628 9.5980005 3.4645484
-1.4350628 0.0000000 3.4645484

 after:           1
 3.9500000 0.0000000 0.0000000
 3.9500000 9.5980005 0.0000000
 3.7500001 9.5980005 0.0000000
 3.7500001 0.0000000 0.0000000

 rot:           2
-0.3826834 0.0000000-0.9238795
 0.0000000 1.0000000 0.0000000
 0.9238795 0.0000000-0.3826834

 befor:           2
-1.5881360 0.0000000 3.8341001
-1.5881360 9.5980005 3.8341001
-1.5115994 9.5980005 3.6493242
-1.5115994 0.0000000 3.6493242

 after:           2
 4.1499999 0.0000000 0.0000000
 4.1499999 9.5980005 0.0000000
 3.9500000 9.5980005 0.0000000
 3.9500000 0.0000000 0.0000000

 rot:           3
-0.3826834 0.0000000-0.9238795
 0.0000000 1.0000000 0.0000000
 0.9238795 0.0000000-0.3826834

 befor:           3
-1.5115994 9.6000004 3.6493242
-1.511599419.2000008 3.6493242
-1.435062819.2000008 3.4645484
-1.4350628 9.6000004 3.4645484

 after:           3
 3.9500000 9.6000004 0.0000000
 3.950000019.2000008 0.0000000
 3.750000119.2000008 0.0000000
 3.7500001 9.6000004 0.0000000

 rot:           4
-0.3826834 0.0000000-0.9238795
 0.0000000 1.0000000 0.0000000
 0.9238795 0.0000000-0.3826834

 befor:           4
-1.5881360 9.6000004 3.8341001
-1.588136019.2000008 3.8341001
-1.511599419.2000008 3.6493242
-1.5115994 9.6000004 3.6493242

 after:           4
 4.1499999 9.6000004 0.0000000
 4.149999919.2000008 0.0000000
 3.950000019.2000008 0.0000000
 3.9500000 9.6000004 0.0000000

 rot:           1
-0.4713966 0.0000000-0.8819213
 0.0000000 1.0000000 0.0000000
 0.8819213 0.0000000-0.4713966

 befor:           1
-1.8590254 0.0000000 3.4779928
-1.8590254 9.5980005 3.4779928
-1.7648975 9.5980005 3.3018919
-1.7648975 0.0000000 3.3018919

 after:           1
 3.9436543 0.0000000 0.0000000
 3.9436543 9.5980005 0.0000000
 3.7439756 9.5980005 0.0000000
 3.7439756 0.0000000 0.0000000

 rot:           2
-0.4713966 0.0000000-0.8819213
 0.0000000 1.0000000 0.0000000
 0.8819213 0.0000000-0.4713966

 befor:           2
-1.9531532 0.0000000 3.6540936
-1.9531532 9.5980005 3.6540936
-1.8590254 9.5980005 3.4779928
-1.8590254 0.0000000 3.4779928

 after:           2
 4.1433329 0.0000000 0.0000000
 4.1433329 9.5980005 0.0000000
 3.9436543 9.5980005 0.0000000
 3.9436543 0.0000000 0.0000000

 rot:           3
-0.4713966 0.0000000-0.8819213
 0.0000000 1.0000000 0.0000000
 0.8819213 0.0000000-0.4713966

 befor:           3
-1.8590254 9.6000004 3.4779928
-1.859025419.2000008 3.4779928
-1.764897519.2000008 3.3018919
-1.7648975 9.6000004 3.3018919

 after:           3
 3.9436543 9.6000004 0.0000000
 3.943654319.2000008 0.0000000
 3.743975619.2000008 0.0000000
 3.7439756 9.6000004 0.0000000

 rot:           4
-0.4713966 0.0000000-0.8819213
 0.0000000 1.0000000 0.0000000
 0.8819213 0.0000000-0.4713966

 befor:           4
-1.9531532 9.6000004 3.6540936
-1.953153219.2000008 3.6540936
-1.859025419.2000008 3.4779928
-1.8590254 9.6000004 3.4779928

 after:           4
 4.1433329 9.6000004 0.0000000
 4.143332919.2000008 0.0000000
 3.943654319.2000008 0.0000000
 3.9436543 9.6000004 0.0000000

 rot:           1
-0.5555702 0.0000000-0.8314696
 0.0000000 1.0000000 0.0000000
 0.8314696 0.0000000-0.5555702

 befor:           1
-2.1898036 0.0000000 3.2772732
-2.1898036 9.5980005 3.2772732
-2.0789275 9.5980005 3.1113353
-2.0789275 0.0000000 3.1113353

 after:           1
 3.9415428 0.0000000-0.0000000
 3.9415428 9.5980005-0.0000000
 3.7419709 9.5980005-0.0000000
 3.7419709 0.0000000-0.0000000

 rot:           2
-0.5555702 0.0000000-0.8314696
 0.0000000 1.0000000 0.0000000
 0.8314696 0.0000000-0.5555702

 befor:           2
-2.3006797 0.0000000 3.4432110
-2.3006797 9.5980005 3.4432110
-2.1898036 9.5980005 3.2772732
-2.1898036 0.0000000 3.2772732

 after:           2
 4.1411145 0.0000000 0.0000000
 4.1411145 9.5980005 0.0000000
 3.9415428 9.5980005 0.0000000
 3.9415428 0.0000000 0.0000000

 rot:           3
-0.5555702 0.0000000-0.8314696
 0.0000000 1.0000000 0.0000000
 0.8314696 0.0000000-0.5555702

 befor:           3
-2.1898036 9.6000004 3.2772732
-2.189803619.2000008 3.2772732
-2.078927519.2000008 3.1113353
-2.0789275 9.6000004 3.1113353

 after:           3
 3.9415428 9.6000004-0.0000000
 3.941542819.2000008-0.0000000
 3.741970919.2000008-0.0000000
 3.7419709 9.6000004-0.0000000

 rot:           4
-0.5555702 0.0000000-0.8314696
 0.0000000 1.0000000 0.0000000
 0.8314696 0.0000000-0.5555702

 befor:           4
-2.3006797 9.6000004 3.4432110
-2.300679719.2000008 3.4432110
-2.189803619.2000008 3.2772732
-2.1898036 9.6000004 3.2772732

 after:           4
 4.1411145 9.6000004 0.0000000
 4.141114519.2000008 0.0000000
 3.941542819.2000008 0.0000000
 3.9415428 9.6000004 0.0000000

 rot:           1
-0.6343933 0.0000000-0.7730105
 0.0000000 1.0000000 0.0000000
 0.7730105 0.0000000-0.6343933

 befor:           1
-2.5018276 0.0000000 3.0484860
-2.5018276 9.5980005 3.0484860
-2.3751528 9.5980005 2.8941323
-2.3751528 0.0000000 2.8941323

 after:           1
 3.9436541 0.0000000-0.0000000
 3.9436541 9.5980005-0.0000000
 3.7439755 9.5980005 0.0000000
 3.7439755 0.0000000 0.0000000

 rot:           2
-0.6343933 0.0000000-0.7730105
 0.0000000 1.0000000 0.0000000
 0.7730105 0.0000000-0.6343933

 befor:           2
-2.6285025 0.0000000 3.2028398
-2.6285025 9.5980005 3.2028398
-2.5018276 9.5980005 3.0484860
-2.5018276 0.0000000 3.0484860

 after:           2
 4.1433329 0.0000000 0.0000000
 4.1433329 9.5980005 0.0000000
 3.9436541 9.5980005-0.0000000
 3.9436541 0.0000000-0.0000000

 rot:           3
-0.6343933 0.0000000-0.7730105
 0.0000000 1.0000000 0.0000000
 0.7730105 0.0000000-0.6343933

 befor:           3
-2.5018276 9.6000004 3.0484860
-2.501827619.2000008 3.0484860
-2.375152819.2000008 2.8941323
-2.3751528 9.6000004 2.8941323

 after:           3
 3.9436541 9.6000004-0.0000000
 3.943654119.2000008-0.0000000
 3.743975519.2000008 0.0000000
 3.7439755 9.6000004 0.0000000

 rot:           4
-0.6343933 0.0000000-0.7730105
 0.0000000 1.0000000 0.0000000
 0.7730105 0.0000000-0.6343933

 befor:           4
-2.6285025 9.6000004 3.2028398
-2.628502519.2000008 3.2028398
-2.501827619.2000008 3.0484860
-2.5018276 9.6000004 3.0484860

 after:           4
 4.1433329 9.6000004 0.0000000
 4.143332919.2000008 0.0000000
 3.943654119.2000008-0.0000000
 3.9436541 9.6000004-0.0000000

 rot:           1
-0.7071068 0.0000000-0.7071068
 0.0000000 1.0000000 0.0000000
 0.7071068 0.0000000-0.7071068

 befor:           1
-2.6516504 0.0000000 2.6516504
-2.7930718 0.0000000 2.7930718
-2.7930718 9.5980005 2.7930718
-2.6516504 9.5980005 2.6516504

 after:           1
 3.7500000 0.0000000 0.0000000
 3.9499999 0.0000000 0.0000000
 3.9499999 9.5980005 0.0000000
 3.7500000 9.5980005 0.0000000

 rot:           2
-0.7071068 0.0000000-0.7071068
 0.0000000 1.0000000 0.0000000
 0.7071068 0.0000000-0.7071068

 befor:           2
-2.7930718 0.0000000 2.7930718
-2.9344931 0.0000000 2.9344931
-2.9344931 9.5980005 2.9344931
-2.7930718 9.5980005 2.7930718

 after:           2
 3.9499999 0.0000000 0.0000000
 4.1499999 0.0000000 0.0000000
 4.1499999 9.5980005 0.0000000
 3.9499999 9.5980005 0.0000000

 rot:           3
-0.7071068 0.0000000-0.7071068
 0.0000000 1.0000000 0.0000000
 0.7071068 0.0000000-0.7071068

 befor:           3
-2.6516504 9.6000004 2.6516504
-2.7930718 9.6000004 2.7930718
-2.793071819.2000008 2.7930718
-2.651650419.2000008 2.6516504

 after:           3
 3.7500000 9.6000004 0.0000000
 3.9499999 9.6000004 0.0000000
 3.949999919.2000008 0.0000000
 3.750000019.2000008 0.0000000

 rot:           4
-0.7071068 0.0000000-0.7071068
 0.0000000 1.0000000 0.0000000
 0.7071068 0.0000000-0.7071068

 befor:           4
-2.7930718 9.6000004 2.7930718
-2.9344931 9.6000004 2.9344931
