 irecover=           0
 igroup=           1 tvol=   95.0116221487033     
 igroup=           1 tne=          96
 igroup=           2 tvol=   95.0314188753195     
 igroup=           2 tne=         192
 igroup=           3 tvol=   123.156560828419     
 igroup=           3 tne=         288
 igroup=           4 tvol=   123.182221865570     
 igroup=           4 tne=         384
 igroup=           5 tvol=   3878.32894989885     
 igroup=           5 tne=         768
 igroup=           6 tne=         787
 igroup=           7 tvol=  0.500527961294177     
 igroup=           7 tne=         835
 igroup=           8 tvol=  0.500527961294177     
 igroup=           8 tne=         883
 igroup=           9 tvol=  0.451731218212990     
 igroup=           9 tne=         931
 igroup=          10 tvol=  0.451825341428957     
 igroup=          10 tne=         979
 igroup=          11 tvol=  1.979821148201942E-002
 igroup=          11 tne=        1075
 igroup=          12 tvol=  2.566296187284395E-002
 igroup=          12 tne=        1171
 ****** ntotv= ******        5844
 time: 16:52:22
 in modf_element_lib
 jgroup=           1
 matno=           1
 jgroup=           1 matno=           1 material=ELASTIC_ISOTROPIC   
 jgroup=           2
 matno=           1
 jgroup=           2 matno=           1 material=ELASTIC_ISOTROPIC   
 jgroup=           3
 matno=           2
 jgroup=           3 matno=           2 material=ELASTIC_ISOTROPIC   
 jgroup=           4
 matno=           2
 jgroup=           4 matno=           2 material=ELASTIC_ISOTROPIC   
 jgroup=           5
 matno=           3
 jgroup=           5 matno=           3 material=ELASTIC_ISOTROPIC   
 jgroup=           6
 matno=           4
 jgroup=           7
 matno=           5
 jgroup=           7 matno=           5 material=ELASTIC_ISOTROPIC   
 jgroup=           8
 matno=           5
 jgroup=           8 matno=           5 material=ELASTIC_ISOTROPIC   
 jgroup=           9
 matno=           6
 jgroup=           9 matno=           6 material=ELASTIC_ISOTROPIC   
 jgroup=          10
 matno=           6
 jgroup=          10 matno=           6 material=ELASTIC_ISOTROPIC   
 jgroup=          11
 matno=           7
 jgroup=          11 matno=           7 material=GOODMAN             
 a1=  0.000000000000000E+000  0.000000000000000E+000  -1.00000000000000     
 jgroup=          12
 matno=           8
 jgroup=          12 matno=           8 material=GOODMAN             
 a1=  0.000000000000000E+000  0.000000000000000E+000  -1.00000000000000     
 iblks=           1 runblks=           1
 iblks=           1
 time: 16:52:22
 ninit=           1 iblks=           1 restart=           0
 text=STRESS                        
 ikindks=           0
 ifixsets=           1 ifixvar=           1 listfix=        1335        1336
        1337        1338        1339        1340        1341        1342
        1343        1344        1345        1346        1347        1348
        1349        1350        1351        1352        1353        1354
        1355        1356        1357        1358        1359        1360
        1361        1362        1363        1364        1365        1366
        1367        1368        1369        1370        1371        1372
        1373        1374        1375        1376        1377        1378
        1379        1380        1381        1382        1383        1384
        1385        1386        1387        1388        1389        1390
        1391        1392        1393        1394        1395        1396
        1397        1398        1399        1400        1401        1402
        1403        1404        1405        1406        1407        1408
        1409        1410        1411        1412        1413        1414
        1415        1416        1417        1418        1419        1420
        1421        1422        1423        1424        1425        1426
        1427        1428        1429        1430        1431        1432
        1433        1434        1435        1436        1437        1438
        1439        1440        1441        1442        1443        1444
        1445        1446        1447        1448        1449        1450
        1451        1452        1453        1454        1455        1456
        1457        1458        1459        1460        1461        1462
        1463        1464        1465        1466        1467        1468
        1469        1470        1471        1472        1473        1474
        1475        1476        1477        1478        1671        1672
        1673        1674        1675        1676        1677        1678
        1679        1680        1681        1682        1683        1684
        1685        1686        1687        1688        1689        1690
        1691        1692        1693        1694        1695        1696
        1697        1698        1699        1700        1701        1702
        1703        1704        1705        1706        1707        1708
        1709        1710        1711        1712        1713        1714
        1715        1716        1717        1718
 ifixsets=           2 ifixvar=           2 listfix=        1335        1336
        1337        1338        1339        1340        1341        1342
        1343        1344        1345        1346        1347        1348
        1349        1350        1351        1352        1353        1354
        1355        1356        1357        1358        1359        1360
        1361        1362        1363        1364        1365        1366
        1367        1368        1369        1370        1371        1372
        1373        1374        1375        1376        1377        1378
        1379        1380        1381        1382        1383        1384
        1385        1386        1387        1388        1389        1390
        1391        1392        1393        1394        1395        1396
        1397        1398        1399        1400        1401        1402
        1403        1404        1405        1406        1407        1408
        1409        1410        1411        1412        1413        1414
        1415        1416        1417        1418        1419        1420
        1421        1422        1423        1424        1425        1426
        1427        1428        1429        1430        1431        1432
        1433        1434        1435        1436        1437        1438
        1439        1440        1441        1442        1443        1444
        1445        1446        1447        1448        1449        1450
        1451        1452        1453        1454        1455        1456
        1457        1458        1459        1460        1461        1462
        1463        1464        1465        1466        1467        1468
        1469        1470        1471        1472        1473        1474
        1475        1476        1477        1478        1671        1672
        1673        1674        1675        1676        1677        1678
        1679        1680        1681        1682        1683        1684
        1685        1686        1687        1688        1689        1690
        1691        1692        1693        1694        1695        1696
        1697        1698        1699        1700        1701        1702
        1703        1704        1705        1706        1707        1708
        1709        1710        1711        1712        1713        1714
        1715        1716        1717        1718
 ifixsets=           3 ifixvar=           3 listfix=        1335        1336
        1337        1338        1339        1340        1341        1342
        1343        1344        1345        1346        1347        1348
        1349        1350        1351        1352        1353        1354
        1355        1356        1357        1358        1359        1360
        1361        1362        1363        1364        1365        1366
        1367        1368        1369        1370        1371        1372
        1373        1374        1375        1376        1377        1378
        1379        1380        1381        1382        1383        1384
        1385        1386        1387        1388        1389        1390
        1391        1392        1393        1394        1395        1396
        1397        1398        1399        1400        1401        1402
        1403        1404        1405        1406        1407        1408
        1409        1410        1411        1412        1413        1414
        1415        1416        1417        1418        1419        1420
        1421        1422        1423        1424        1425        1426
        1427        1428        1429        1430        1431        1432
        1433        1434        1435        1436        1437        1438
        1439        1440        1441        1442        1443        1444
        1445        1446        1447        1448        1449        1450
        1451        1452        1453        1454        1455        1456
        1457        1458        1459        1460        1461        1462
        1463        1464        1465        1466        1467        1468
        1469        1470        1471        1472        1473        1474
        1475        1476        1477        1478        1671        1672
        1673        1674        1675        1676        1677        1678
        1679        1680        1681        1682        1683        1684
        1685        1686        1687        1688        1689        1690
        1691        1692        1693        1694        1695        1696
        1697        1698        1699        1700        1701        1702
        1703        1704        1705        1706        1707        1708
        1709        1710        1711        1712        1713        1714
        1715        1716        1717        1718
 ifixsets=           4 ifixvar=           1 listfix=           1           2
           3           4           5           6           7           8
           9          10          11          12          13          14
          15          16          17          18          19          20
          21          22          23          24          25          26
          27          28          29          30          31          32
          33          34          35          36          37          38
          39          40          41          42          43          44
          45          46          47          48          49          50
          51          52          53          54          55          56
          57          58          59          60          61          62
          63          64          65          66          67          68
          69          70         407         408         409         410
         411         412         413         414         415         416
         417         418         419         420         421         422
         423         424         425         426         427         428
         429         430         431         432         433         434
         435         436         437         438         439         440
         441         442         443         444         445         446
         447         448         449         450         451         452
         453         454         455         456         457         458
         459         460         461         462         463         464
         465         466         467         468         469         470
         471         472         473         474         475         476
         477         478         479         480         481         482
         483         484         485         486         487         488
         489         490         491         492         493         494
         495         496         497         498         499         500
         501         502         503         504         505         506
         507         508         509         510         511         512
         513         514         515         516         517         518
         519         520         521         522         523         524
         525         526         527         528        1431        1432
        1433        1434        1435        1436        1437        1438
        1439        1440        1441        1442        1443        1444
        1445        1446        1447        1448        1449        1450
        1451        1452        1453        1454        1455        1456
        1457        1458        1459        1460        1461        1462
        1463        1464        1465        1466        1467        1468
        1469        1470        1471        1472        1473        1474
        1475        1476        1477        1478        1575        1576
        1577        1578        1579        1580        1581        1582
        1583        1584        1585        1586        1587        1588
        1589        1590        1591        1592        1593        1594
        1595        1596        1597        1598        1599        1600
        1601        1602        1603        1604        1605        1606
        1607        1608        1609        1610        1611        1612
        1613        1614        1615        1616        1617        1618
        1619        1620        1621        1622
 ifixsets=           5 ifixvar=           2 listfix=           1           2
           3           4           5           6           7           8
           9          10          11          12          13          14
          15          16          17          18          19          20
          21          22          23          24          25          26
          27          28          29          30          31          32
          33          34          35          36          37          38
          39          40          41          42          43          44
          45          46          47          48          49          50
          51          52          53          54          55          56
          57          58          59          60          61          62
          63          64          65          66          67          68
          69          70         407         408         409         410
         411         412         413         414         415         416
         417         418         419         420         421         422
         423         424         425         426         427         428
         429         430         431         432         433         434
         435         436         437         438         439         440
         441         442         443         444         445         446
         447         448         449         450         451         452
         453         454         455         456         457         458
         459         460         461         462         463         464
         465         466         467         468         469         470
         471         472         473         474         475         476
         477         478         479         480         481         482
         483         484         485         486         487         488
         489         490         491         492         493         494
         495         496         497         498         499         500
         501         502         503         504         505         506
         507         508         509         510         511         512
         513         514         515         516         517         518
         519         520         521         522         523         524
         525         526         527         528        1431        1432
        1433        1434        1435        1436        1437        1438
        1439        1440        1441        1442        1443        1444
        1445        1446        1447        1448        1449        1450
        1451        1452        1453        1454        1455        1456
        1457        1458        1459        1460        1461        1462
        1463        1464        1465        1466        1467        1468
        1469        1470        1471        1472        1473        1474
        1475        1476        1477        1478        1575        1576
        1577        1578        1579        1580        1581        1582
        1583        1584        1585        1586        1587        1588
        1589        1590        1591        1592        1593        1594
        1595        1596        1597        1598        1599        1600
        1601        1602        1603        1604        1605        1606
        1607        1608        1609        1610        1611        1612
        1613        1614        1615        1616        1617        1618
        1619        1620        1621        1622
 ifixsets=           6 ifixvar=           3 listfix=           1           2
           3           4           5           6           7           8
           9          10          11          12          13          14
          15          16          17          18          19          20
          21          22          23          24          25          26
          27          28          29          30          31          32
          33          34          35          36          37          38
          39          40          41          42          43          44
          45          46          47          48          49          50
          51          52          53          54          55          56
          57          58          59          60          61          62
          63          64          65          66          67          68
          69          70         407         408         409         410
         411         412         413         414         415         416
         417         418         419         420         421         422
         423         424         425         426         427         428
         429         430         431         432         433         434
         435         436         437         438         439         440
         441         442         443         444         445         446
         447         448         449         450         451         452
         453         454         455         456         457         458
         459         460         461         462         463         464
         465         466         467         468         469         470
         471         472         473         474         475         476
         477         478         479         480         481         482
         483         484         485         486         487         488
         489         490         491         492         493         494
         495         496         497         498         499         500
         501         502         503         504         505         506
         507         508         509         510         511         512
         513         514         515         516         517         518
         519         520         521         522         523         524
         525         526         527         528        1431        1432
        1433        1434        1435        1436        1437        1438
        1439        1440        1441        1442        1443        1444
        1445        1446        1447        1448        1449        1450
        1451        1452        1453        1454        1455        1456
        1457        1458        1459        1460        1461        1462
        1463        1464        1465        1466        1467        1468
        1469        1470        1471        1472        1473        1474
        1475        1476        1477        1478        1575        1576
        1577        1578        1579        1580        1581        1582
        1583        1584        1585        1586        1587        1588
        1589        1590        1591        1592        1593        1594
        1595        1596        1597        1598        1599        1600
        1601        1602        1603        1604        1605        1606
        1607        1608        1609        1610        1611        1612
        1613        1614        1615        1616        1617        1618
        1619        1620        1621        1622
 ifixsets=           7 ifixvar=           1 listfix=          71          73
          75          77          79          81          83          85
          87          89          91          93          95          97
          99         101         103         105         107         109
         111         113         115         117         119         121
         123         125         127         129         131         133
         135         137         139         141         143         145
         147         149         151         153         155         157
         159         161         163         164         167         171
         175         179         183         187         191         195
         199         203         207         211         215         220
         223         228         231         235         239         243
         247         251         255         259         263         267
         271         275         279         283         287         291
         295         299         303         307         311         315
         319         323         327         331         335         339
         343         347         351         352         533         534
         535         536         541         542         543         544
         547         548         551         552         555         556
         559         560         563         564         567         568
         571         572         575         576         579         580
         583         584         587         588         591         592
         595         596         599         600         603         604
         607         608         611         612         615         616
         619         620         623         624         627         628
         631         632         635         636         639         640
         643         644         647         648         651         652
         655         656         659         660         663         664
         666         668         670         672         674         676
         678         680         682         684         686         688
         690         692         694         696         698         700
         702         704         706         708         710         712
         714         716         718         720        1335        1337
        1339        1341        1343        1345        1347        1349
        1351        1353        1355        1357        1359        1361
        1363        1365        1367        1369        1371        1373
        1375        1377        1379        1381        1383        1385
        1387        1389        1391        1393        1395        1397
        1399        1401        1403        1405        1407        1409
        1411        1413        1415        1417        1419        1421
        1423        1425        1427        1428        1479        1481
        1483        1485        1487        1489        1491        1493
        1495        1497        1499        1501        1503        1505
        1507        1509        1511        1513        1515        1517
        1519        1521        1523        1525        1527        1529
        1531        1533        1535        1537        1539        1541
        1543        1545        1547        1549        1551        1553
        1555        1557        1559        1561        1563        1565
        1567        1569        1571        1572
 ifixsets=           8 ifixvar=           2 listfix=          71          73
          75          77          79          81          83          85
          87          89          91          93          95          97
          99         101         103         105         107         109
         111         113         115         117         119         121
         123         125         127         129         131         133
         135         137         139         141         143         145
         147         149         151         153         155         157
         159         161         163         164         167         171
         175         179         183         187         191         195
         199         203         207         211         215         220
         223         228         231         235         239         243
         247         251         255         259         263         267
         271         275         279         283         287         291
         295         299         303         307         311         315
         319         323         327         331         335         339
         343         347         351         352         533         534
         535         536         541         542         543         544
         547         548         551         552         555         556
         559         560         563         564         567         568
         571         572         575         576         579         580
         583         584         587         588         591         592
         595         596         599         600         603         604
         607         608         611         612         615         616
         619         620         623         624         627         628
         631         632         635         636         639         640
         643         644         647         648         651         652
         655         656         659         660         663         664
         666         668         670         672         674         676
         678         680         682         684         686         688
         690         692         694         696         698         700
         702         704         706         708         710         712
         714         716         718         720        1335        1337
        1339        1341        1343        1345        1347        1349
        1351        1353        1355        1357        1359        1361
        1363        1365        1367        1369        1371        1373
        1375        1377        1379        1381        1383        1385
        1387        1389        1391        1393        1395        1397
        1399        1401        1403        1405        1407        1409
        1411        1413        1415        1417        1419        1421
        1423        1425        1427        1428        1479        1481
        1483        1485        1487        1489        1491        1493
        1495        1497        1499        1501        1503        1505
        1507        1509        1511        1513        1515        1517
        1519        1521        1523        1525        1527        1529
        1531        1533        1535        1537        1539        1541
        1543        1545        1547        1549        1551        1553
        1555        1557        1559        1561        1563        1565
        1567        1569        1571        1572
 ifixsets=           9 ifixvar=           3 listfix=          71          73
          75          77          79          81          83          85
          87          89          91          93          95          97
          99         101         103         105         107         109
         111         113         115         117         119         121
         123         125         127         129         131         133
         135         137         139         141         143         145
         147         149         151         153         155         157
         159         161         163         164         167         171
         175         179         183         187         191         195
         199         203         207         211         215         220
         223         228         231         235         239         243
         247         251         255         259         263         267
         271         275         279         283         287         291
         295         299         303         307         311         315
         319         323         327         331         335         339
         343         347         351         352         533         534
         535         536         541         542         543         544
         547         548         551         552         555         556
         559         560         563         564         567         568
         571         572         575         576         579         580
         583         584         587         588         591         592
         595         596         599         600         603         604
         607         608         611         612         615         616
         619         620         623         624         627         628
         631         632         635         636         639         640
         643         644         647         648         651         652
         655         656         659         660         663         664
         666         668         670         672         674         676
         678         680         682         684         686         688
         690         692         694         696         698         700
         702         704         706         708         710         712
         714         716         718         720        1335        1337
        1339        1341        1343        1345        1347        1349
        1351        1353        1355        1357        1359        1361
        1363        1365        1367        1369        1371        1373
        1375        1377        1379        1381        1383        1385
        1387        1389        1391        1393        1395        1397
        1399        1401        1403        1405        1407        1409
        1411        1413        1415        1417        1419        1421
        1423        1425        1427        1428        1479        1481
        1483        1485        1487        1489        1491        1493
        1495        1497        1499        1501        1503        1505
        1507        1509        1511        1513        1515        1517
        1519        1521        1523        1525        1527        1529
        1531        1533        1535        1537        1539        1541
        1543        1545        1547        1549        1551        1553
        1555        1557        1559        1561        1563        1565
        1567        1569        1571        1572
 time(solve): 16:52:22
 单个方程中最大非零元素个数          45
 Neq=        1440       Iseq(neq)=       31824
 storage of PARDISO, sstore=       31824
                                             
 time(solve_set): 16:52:22
 time(solve_pcg): 16:52:22
 Increment step=           1
 cwater=           0 delgroup=           0
 force_external***,edge_load_group=           0
 body force
 interia force***
 contact_state********************
 in predict
igroup=    1 ifield=1 ikh=1 ielem=     1 order_time=0  coef= 1.00000
     0.73569E+11    -0.66877E+09    -0.25593E+11    -0.75410E+11     0.21655E+09     0.20287E+11    -0.32586E+11     0.66877E+08     0.19053E+11     0.34459E+11    -0.41718E+09    -0.13747E+11     0.36764E+11    -0.13375E+09    -0.12797E+11    -0.37715E+11     0.78512E+09     0.10143E+11    -0.16298E+11     0.33439E+09     0.95265E+10     0.17219E+11    -0.18323E+09    -0.68734E+10
    -0.66877E+09     0.35900E+11     0.56852E+09    -0.92535E+08    -0.28909E+11     0.20216E+09    -0.66877E+08    -0.18158E+11     0.56852E+08    -0.37561E+09     0.11250E+11     0.19580E+09     0.13375E+09     0.17895E+11    -0.11370E+09     0.76032E+09    -0.14481E+11    -0.29224E+09     0.33439E+09    -0.90927E+10    -0.28426E+09    -0.24668E+08     0.55973E+10    -0.33313E+09
    -0.25593E+11     0.56852E+09     0.57956E+11     0.14066E+11     0.97242E+08    -0.30641E+11     0.19053E+11    -0.56852E+08    -0.34021E+11    -0.75258E+10     0.73314E+08     0.67359E+10    -0.12797E+11     0.11370E+09     0.28958E+11     0.70330E+10    -0.23236E+09    -0.15331E+11     0.95265E+10    -0.28426E+09    -0.17015E+11    -0.37629E+10    -0.27931E+09     0.33577E+10
    -0.75410E+11    -0.92535E+08     0.14066E+11     0.94688E+11     0.87667E+09    -0.12649E+10     0.32274E+11     0.35553E+09    -0.71770E+10    -0.51522E+11    -0.87667E+08    -0.56240E+10    -0.37715E+11    -0.76032E+09     0.70330E+10     0.47324E+11     0.17533E+09    -0.63247E+09     0.16127E+11    -0.28682E+08    -0.35885E+10    -0.25766E+11    -0.43833E+09    -0.28120E+10
     0.21655E+09    -0.28909E+11     0.97242E+08     0.87667E+09     0.36842E+11     0.43916E+08     0.39711E+09     0.10305E+11    -0.66501E+08     0.87667E+08    -0.18158E+11     0.43916E+07    -0.78512E+09    -0.14481E+11     0.23236E+09    -0.17533E+09     0.18368E+11    -0.87831E+07    -0.17921E+09     0.51259E+10    -0.28067E+09    -0.43833E+09    -0.90927E+10    -0.21958E+08
     0.20287E+11     0.20216E+09    -0.30641E+11    -0.12649E+10     0.43916E+08     0.40296E+11    -0.13398E+11    -0.18899E+09     0.54601E+10    -0.56240E+10    -0.43916E+07    -0.15085E+11     0.10143E+11     0.29224E+09    -0.15331E+11    -0.63247E+09     0.87831E+07     0.20128E+11    -0.66990E+10    -0.33177E+09     0.27200E+10    -0.28120E+10    -0.21958E+08    -0.75478E+10
    -0.32586E+11    -0.66877E+08     0.19053E+11     0.32274E+11     0.39711E+09    -0.13398E+11     0.75753E+11     0.66877E+09    -0.25942E+11    -0.75410E+11    -0.19648E+09     0.20287E+11    -0.16298E+11    -0.33439E+09     0.95265E+10     0.16127E+11     0.17921E+09    -0.66990E+10     0.37856E+11     0.13375E+09    -0.12971E+11    -0.37715E+11    -0.78111E+09     0.10143E+11
     0.66877E+08    -0.18158E+11    -0.56852E+08     0.35553E+09     0.10305E+11    -0.18899E+09     0.66877E+09     0.36842E+11    -0.56852E+09     0.11261E+09    -0.28909E+11    -0.20898E+09    -0.33439E+09    -0.90927E+10     0.28426E+09     0.28682E+08     0.51259E+10     0.33177E+09    -0.13375E+09     0.18368E+11     0.11370E+09    -0.76433E+09    -0.14481E+11     0.29361E+09
     0.19053E+11     0.56852E+08    -0.34021E+11    -0.71770E+10    -0.66501E+08     0.54601E+10    -0.25942E+11    -0.56852E+09     0.59232E+11     0.14066E+11    -0.10406E+09    -0.30641E+11     0.95265E+10     0.28426E+09    -0.17015E+11    -0.35885E+10     0.28067E+09     0.27200E+10    -0.12971E+11    -0.11370E+09     0.29596E+11     0.70330E+10     0.23100E+09    -0.15331E+11
     0.34459E+11    -0.37561E+09    -0.75258E+10    -0.51522E+11     0.87667E+08    -0.56240E+10    -0.75410E+11     0.11261E+09     0.14066E+11     0.92504E+11    -0.87667E+09    -0.91613E+09     0.17219E+11     0.24668E+08    -0.37629E+10    -0.25766E+11     0.43833E+09    -0.28120E+10    -0.37715E+11     0.76433E+09     0.70330E+10     0.46231E+11    -0.17533E+09    -0.45807E+09
    -0.41718E+09     0.11250E+11     0.73314E+08    -0.87667E+08    -0.18158E+11    -0.43916E+07    -0.19648E+09    -0.28909E+11    -0.10406E+09    -0.87667E+09     0.35900E+11    -0.43916E+08     0.18323E+09     0.55973E+10     0.27931E+09     0.43833E+09    -0.90927E+10     0.21958E+08     0.78111E+09    -0.14481E+11    -0.23100E+09     0.17533E+09     0.17895E+11     0.87831E+07
    -0.13747E+11     0.19580E+09     0.67359E+10    -0.56240E+10     0.43916E+07    -0.15085E+11     0.20287E+11    -0.20898E+09    -0.30641E+11    -0.91613E+09    -0.43916E+08     0.39021E+11    -0.68734E+10     0.33313E+09     0.33577E+10    -0.28120E+10     0.21958E+08    -0.75478E+10     0.10143E+11    -0.29361E+09    -0.15331E+11    -0.45807E+09    -0.87831E+07     0.19490E+11
     0.36764E+11     0.13375E+09    -0.12797E+11    -0.37715E+11    -0.78512E+09     0.10143E+11    -0.16298E+11    -0.33439E+09     0.95265E+10     0.17219E+11     0.18323E+09    -0.68734E+10     0.73569E+11     0.66877E+09    -0.25593E+11    -0.75410E+11    -0.21655E+09     0.20287E+11    -0.32586E+11    -0.66877E+08     0.19053E+11     0.34459E+11     0.41718E+09    -0.13747E+11
    -0.13375E+09     0.17895E+11     0.11370E+09    -0.76032E+09    -0.14481E+11     0.29224E+09    -0.33439E+09    -0.90927E+10     0.28426E+09     0.24668E+08     0.55973E+10     0.33313E+09     0.66877E+09     0.35900E+11    -0.56852E+09     0.92535E+08    -0.28909E+11    -0.20216E+09     0.66877E+08    -0.18158E+11    -0.56852E+08     0.37561E+09     0.11250E+11    -0.19580E+09
    -0.12797E+11    -0.11370E+09     0.28958E+11     0.70330E+10     0.23236E+09    -0.15331E+11     0.95265E+10     0.28426E+09    -0.17015E+11    -0.37629E+10     0.27931E+09     0.33577E+10    -0.25593E+11    -0.56852E+09     0.57956E+11     0.14066E+11    -0.97242E+08    -0.30641E+11     0.19053E+11     0.56852E+08    -0.34021E+11    -0.75258E+10    -0.73314E+08     0.67359E+10
    -0.37715E+11     0.76032E+09     0.70330E+10     0.47324E+11    -0.17533E+09    -0.63247E+09     0.16127E+11     0.28682E+08    -0.35885E+10    -0.25766E+11     0.43833E+09    -0.28120E+10    -0.75410E+11     0.92535E+08     0.14066E+11     0.94688E+11    -0.87667E+09    -0.12649E+10     0.32274E+11    -0.35553E+09    -0.71770E+10    -0.51522E+11     0.87667E+08    -0.56240E+10
     0.78512E+09    -0.14481E+11    -0.23236E+09     0.17533E+09     0.18368E+11     0.87831E+07     0.17921E+09     0.51259E+10     0.28067E+09     0.43833E+09    -0.90927E+10     0.21958E+08    -0.21655E+09    -0.28909E+11    -0.97242E+08    -0.87667E+09     0.36842E+11    -0.43916E+08    -0.39711E+09     0.10305E+11     0.66501E+08    -0.87667E+08    -0.18158E+11    -0.43916E+07
     0.10143E+11    -0.29224E+09    -0.15331E+11    -0.63247E+09    -0.87831E+07     0.20128E+11    -0.66990E+10     0.33177E+09     0.27200E+10    -0.28120E+10     0.21958E+08    -0.75478E+10     0.20287E+11    -0.20216E+09    -0.30641E+11    -0.12649E+10    -0.43916E+08     0.40296E+11    -0.13398E+11     0.18899E+09     0.54601E+10    -0.56240E+10     0.43916E+07    -0.15085E+11
    -0.16298E+11     0.33439E+09     0.95265E+10     0.16127E+11    -0.17921E+09    -0.66990E+10     0.37856E+11    -0.13375E+09    -0.12971E+11    -0.37715E+11     0.78111E+09     0.10143E+11    -0.32586E+11     0.66877E+08     0.19053E+11     0.32274E+11    -0.39711E+09    -0.13398E+11     0.75753E+11    -0.66877E+09    -0.25942E+11    -0.75410E+11     0.19648E+09     0.20287E+11
     0.33439E+09    -0.90927E+10    -0.28426E+09    -0.28682E+08     0.51259E+10    -0.33177E+09     0.13375E+09     0.18368E+11    -0.11370E+09     0.76433E+09    -0.14481E+11    -0.29361E+09    -0.66877E+08    -0.18158E+11     0.56852E+08    -0.35553E+09     0.10305E+11     0.18899E+09    -0.66877E+09     0.36842E+11     0.56852E+09    -0.11261E+09    -0.28909E+11     0.20898E+09
     0.95265E+10    -0.28426E+09    -0.17015E+11    -0.35885E+10    -0.28067E+09     0.27200E+10    -0.12971E+11     0.11370E+09     0.29596E+11     0.70330E+10    -0.23100E+09    -0.15331E+11     0.19053E+11    -0.56852E+08    -0.34021E+11    -0.71770E+10     0.66501E+08     0.54601E+10    -0.25942E+11     0.56852E+09     0.59232E+11     0.14066E+11     0.10406E+09    -0.30641E+11
